%YAML:1.0
---
dct_kdim: 8
dct_kmincomp: 1
dct_kmaxcomp: 20
stats:
   -
      name: p
      mean: !!opencv-matrix
         rows: 1
         cols: 20
         dt: d
         data: [ -2.9688046618944572e+01, 2.9052147138258615e+01,
             -1.3789154238944612e+01, -2.4966304168865452e+02,
             -7.9110898055408869e+00, 9.6913403714511865e+00,
             8.9323667398891846e+00, -5.6123254730870693e+00,
             -7.0445109410659725e+00, 6.6846965699208445e+00,
             5.7093122359366753e+01, 3.2145373954089534e-01,
             5.9236825116939258e+01, 4.1174142480211078e+00,
             -4.0508752362532974e+00, -4.9207629999841656e+00,
             1.1873204291292887e+00, -3.5678255813456445e+00,
             2.0117637576622731e+00, 2.4803811138416902e+00 ]
      invcov: !!opencv-matrix
         rows: 20
         cols: 20
         dt: d
         data: [ 1.6587358153973512e-05, 5.8276710544978016e-06,
             1.7625579147037074e-06, -1.0646998827809902e-06,
             1.2422392411811603e-06, 1.6277972559306395e-05,
             3.6649653552967769e-06, 1.8623026662157421e-05,
             4.6344367950240462e-06, 2.9699009521244124e-06,
             2.9431542260019682e-07, 2.2807611478804372e-07,
             -1.8876575412984245e-06, -7.9816387283499260e-08,
             6.5013092297084586e-06, 2.0599897191526038e-07,
             1.0042395168661131e-05, 4.7414291871532343e-07,
             8.1732710133149810e-06, 3.0048589450837507e-06,
             5.8276710544977322e-06, 1.0013184103132540e-05,
             5.2429607831383668e-07, 9.8080533259460470e-07,
             4.6532248266894940e-07, 1.3113453615324527e-06,
             1.2011577796069627e-05, 4.7816020059093081e-06,
             1.1833445061629901e-05, 1.6531593594910309e-07,
             1.2118018379800696e-06, 1.1725188177843777e-06,
             -2.7649520017137110e-07, -1.4223500665980432e-06,
             -3.0731242356134901e-06, 7.6690679769795689e-06,
             -2.1578575019952442e-07, 4.0749519197257646e-06,
             9.0432493096047224e-07, 6.6583496590627534e-06,
             1.7625579147037240e-06, 5.2429607831386008e-07,
             1.4927771819563969e-05, -2.5533726793530892e-06,
             9.7559031806557112e-06, 9.6266932904353636e-07,
             2.4728475105365647e-07, 4.2576452253414014e-06,
             -6.1190669905874880e-07, 1.9509569863436271e-05,
             -5.3875128305171888e-06, 9.3977682984378517e-06,
             -3.4644741391950775e-06, 6.0234496760060478e-06,
             -1.0836291011788028e-06, 1.0316444192465888e-07,
             -2.1177652902488675e-06, 3.0069866352536750e-06,
             3.8381846401788909e-06, 2.1516999115158662e-06,
             -1.0646998827809895e-06, 9.8080533259460280e-07,
             -2.5533726793530875e-06, 2.2965117438553274e-06,
             -1.9505249408480732e-06, 1.4697244121956306e-06,
             6.7806390032575673e-07, -2.7700451254564557e-06,
             -7.4870154835856877e-07, -1.6801307792463639e-06,
             2.9399150189763110e-06, -2.3499314618146715e-06,
             2.1117340205094664e-06, -4.6063007379861767e-07,
             2.8270835176143549e-06, -9.4131127430058025e-09,
             -2.4489121351446227e-07, -2.1197121037977015e-06,
             -1.9092699142779009e-06, -3.0898122835338682e-06,
             1.2422392411812266e-06, 4.6532248266900789e-07,
             9.7559031806557316e-06, -1.9505249408480702e-06,
             1.5080665147790411e-05, 5.7732262270350786e-06,
             -2.4981414371847266e-06, 1.0072906047581532e-06,
             4.4261095814339000e-06, 5.5598693268293332e-06,
             -2.6893128885649502e-06, 1.0730697430779048e-05,
             -4.6604270323882953e-06, 1.6784878250899306e-05,
             1.1215976568807063e-06, -2.3143312008920643e-06,
             -2.3372016665991726e-06, 1.4919264309515111e-06,
             8.3256990599932828e-07, 3.8342367281468220e-06,
             1.6277972559306557e-05, 1.3113453615326619e-06,
             9.6266932904352789e-07, 1.4697244121956431e-06,
             5.7732262270350176e-06, 7.1714700062688441e-05,
             -1.6377176356866914e-05, 1.3623033294690079e-05,
             1.8370488234685118e-06, -1.5241538636102188e-07,
             2.0664026994680238e-06, -8.0609013447194854e-07,
             -6.0744939037776665e-07, 6.9685461334170085e-06,
             7.1864406923867772e-05, -2.1249943544489322e-05,
             2.4703236889781470e-05, -3.0636145334251486e-06,
             5.0835696179138436e-06, 1.1705713972533558e-06,
             3.6649653552965347e-06, 1.2011577796069510e-05,
             2.4728475105360777e-07, 6.7806390032576076e-07,
             -2.4981414371848011e-06, -1.6377176356867314e-05,
             3.5071989330842113e-05, 3.4747058799307111e-06,
             7.9536906165264534e-06, 6.4710450028762140e-07,
             4.6476327582228122e-07, -5.1355440728616748e-07,
             2.6113267272330856e-06, -4.1917644205723592e-06,
             -1.8153767971127498e-05, 3.0486232814976285e-05,
             -9.4366708125811072e-06, 2.0032600891431130e-05,
             1.3200694739752763e-06, 3.5395810324967719e-06,
             1.8623026662157441e-05, 4.7816020059094157e-06,
             4.2576452253413726e-06, -2.7700451254564507e-06,
             1.0072906047580846e-06, 1.3623033294689896e-05,
             3.4747058799310118e-06, 4.2387133624898763e-05,
             -1.4001734724545613e-05, 7.4738269979213253e-06,
             -4.8443989087976641e-06, 3.7588045727186202e-06,
             -2.1688551758110114e-06, 4.7147764970811338e-10,
             2.5923848034826283e-06, 2.1677145166898500e-07,
             2.4921985203343285e-05, -6.2139547248929758e-06,
             3.2479349698602715e-05, -1.4664894441722672e-05,
             4.6344367950238963e-06, 1.1833445061629871e-05,
             -6.1190669905877516e-07, -7.4870154835855988e-07,
             4.4261095814338390e-06, 1.8370488234682577e-06,
             7.9536906165265788e-06, -1.4001734724545771e-05,
             7.6136435704203298e-05, -5.1197140855114966e-06,
             9.9656371515297637e-07, 3.1033096864810666e-06,
             -2.0288128163695328e-06, 1.8616192292048107e-06,
             -1.7328996657463503e-06, 5.9174172165772759e-06,
             -5.1556191869176985e-06, 1.5939778026125121e-05,
             -2.2259006610067187e-05, 8.3692006697804066e-05,
             2.9699009521244192e-06, 1.6531593594914676e-07,
             1.9509569863436291e-05, -1.6801307792463750e-06,
             5.5598693268293391e-06, -1.5241538636109748e-07,
             6.4710450028772220e-07, 7.4738269979213676e-06,
             -5.1197140855114584e-06, 4.4445279600652261e-05,
             -6.7229895022079560e-06, 3.8967291099725462e-06,
             -1.8351162991928694e-06, 5.7082025398067157e-06,
             -3.1108503709423567e-06, 8.0505479474014686e-07,
             1.5862078670566578e-06, -3.4905249469155498e-07,
             7.5203203011018732e-06, -2.3484378530343334e-06,
             2.9431542260020571e-07, 1.2118018379800694e-06,
             -5.3875128305171863e-06, 2.9399150189763080e-06,
             -2.6893128885649684e-06, 2.0664026994679997e-06,
             4.6476327582230113e-07, -4.8443989087976607e-06,
             9.9656371515297849e-07, -6.7229895022079280e-06,
             8.1155176327281350e-06, -3.1956024073781268e-06,
             5.1712895162919829e-07, -1.4183859355663023e-06,
             3.5631372306519786e-06, -2.9396253178678581e-07,
             2.0983281097137732e-06, -1.8464480061005829e-06,
             -6.5139380658251506e-06, -3.5116090207565339e-06,
             2.2807611478808004e-07, 1.1725188177844145e-06,
             9.3977682984378466e-06, -2.3499314618146655e-06,
             1.0730697430779026e-05, -8.0609013447189306e-07,
             -5.1355440728611771e-07, 3.7588045727186397e-06,
             3.1033096864811158e-06, 3.8967291099724996e-06,
