%YAML:1.0
---
dct_kdim: 8
dct_kmincomp: 1
dct_kmaxcomp: 9
stats:
   -
      name: p
      mean: !!opencv-matrix
         rows: 1
         cols: 9
         dt: d
         data: [ -2.9688046618944572e+01, 2.9052147138258615e+01,
             -1.3789154238944612e+01, -2.4966304168865452e+02,
             -7.9110898055408869e+00, 9.6913403714511865e+00,
             8.9323667398891846e+00, -5.6123254730870693e+00,
             -7.0445109410659725e+00 ]
      invcov: !!opencv-matrix
         rows: 9
         cols: 9
         dt: d
         data: [ 1.1104486983429294e-05, 3.8458344472313931e-06,
             6.6995360666739737e-07, -4.6415912148338644e-07,
             9.0666097521736743e-07, 8.3007116399417689e-06,
             2.2706484260379784e-06, 7.3224375427657961e-06,
             3.5921513432300578e-06, 3.8458344472314168e-06,
             6.9912810405898239e-06, 3.1636972173164410e-07,
             9.0928488286261213e-07, 5.9384303748715817e-07,
             3.5577609477187150e-06, 4.2852373194534790e-06,
             2.5450445106199587e-06, 5.8536507783512420e-06,
             6.6995360666739980e-07, 3.1636972173164479e-07,
             2.6104258547534938e-06, -1.9058121174357343e-07,
             2.1111010321620661e-06, 5.3593200493870094e-07,
             2.9544919129641716e-07, 6.6898857687430522e-07,
             -7.5368189615094705e-07, -4.6415912148338808e-07,
             9.0928488286261880e-07, -1.9058121174357531e-07,
             4.8651620032496771e-07, -9.0803786544236074e-08,
             4.1919691382867776e-07, 6.5788490346113263e-07,
             -3.7658819862180518e-07, 3.1418831255264024e-07,
             9.0666097521736955e-07, 5.9384303748715626e-07,
             2.1111010321620653e-06, -9.0803786544235770e-08,
             2.9045449665158005e-06, 2.5642358969865106e-06,
             -1.3488895807192151e-07, 1.4708228603864720e-07,
             1.2848624883869317e-06, 8.3007116399417672e-06,
             3.5577609477186947e-06, 5.3593200493869554e-07,
             4.1919691382868300e-07, 2.5642358969865051e-06,
             1.9718570254459142e-05, 6.2219675839769790e-07,
             2.6054535917833460e-06, 4.3697464563596534e-06,
             2.2706484260379992e-06, 4.2852373194534858e-06,
             2.9544919129641817e-07, 6.5788490346113179e-07,
             -1.3488895807191944e-07, 6.2219675839771484e-07,
             4.3900958721494598e-06, 2.3653021707215095e-06,
             4.8157011805797516e-07, 7.3224375427657978e-06,
             2.5450445106199397e-06, 6.6898857687430448e-07,
             -3.7658819862180327e-07, 1.4708228603864582e-07,
             2.6054535917833481e-06, 2.3653021707214938e-06,
             6.6744639726038443e-06, -2.5138996471220929e-08,
             3.5921513432300689e-06, 5.8536507783512420e-06,
             -7.5368189615095329e-07, 3.1418831255261928e-07,
             1.2848624883869325e-06, 4.3697464563596678e-06,
             4.8157011805796754e-07, -2.5138996471212882e-08,
             2.0770790713327780e-05 ]
      thr: 0.30
   -
      name: n
      mean: !!opencv-matrix
         rows: 1
         cols: 9
         dt: d
         data: [ -2.9688046618944593e+01, -2.9052147138258569e+01,
             -1.3789154238944583e+01, 2.4966304168865440e+02,
             -7.9110898055409153e+00, 9.6913403714511723e+00,
             -8.9323667398891917e+00, -5.6123254730870737e+00,
             7.0445109410659841e+00 ]
      invcov: !!opencv-matrix
         rows: 9
         cols: 9
         dt: d
         data: [ 1.1104486983429375e-05, -3.8458344472313236e-06,
             6.6995360666739440e-07, 4.6415912148340465e-07,
             9.0666097521734266e-07, 8.3007116399417520e-06,
             -2.2706484260379585e-06, 7.3224375427658876e-06,
             -3.5921513432299257e-06, -3.8458344472313507e-06,
             6.9912810405896104e-06, -3.1636972173163827e-07,
             9.0928488286257857e-07, -5.9384303748712746e-07,
             -3.5577609477186041e-06, 4.2852373194533672e-06,
             -2.5450445106199388e-06, 5.8536507783509600e-06,
             6.6995360666739906e-07, -3.1636972173163722e-07,
             2.6104258547535002e-06, 1.9058121174357635e-07,
             2.1111010321620627e-06, 5.3593200493867214e-07,
             -2.9544919129641885e-07, 6.6898857687431369e-07,
             7.5368189615096568e-07, 4.6415912148340793e-07,
             9.0928488286258514e-07, 1.9058121174357756e-07,
             4.8651620032496263e-07, 9.0803786544239542e-08,
             -4.1919691382866426e-07, 6.5788490346111209e-07,
             3.7658819862181937e-07, 3.1418831255260318e-07,
             9.0666097521734551e-07, -5.9384303748712535e-07,
             2.1111010321620602e-06, 9.0803786544239462e-08,
             2.9045449665157839e-06, 2.5642358969864712e-06,
             1.3488895807193501e-07, 1.4708228603863799e-07,
             -1.2848624883868857e-06, 8.3007116399417435e-06,
             -3.5577609477185791e-06, 5.3593200493866579e-07,
             -4.1919691382866977e-07, 2.5642358969864644e-06,
             1.9718570254459152e-05, -6.2219675839763119e-07,
             2.6054535917833363e-06, -4.3697464563594992e-06,
             -2.2706484260379746e-06, 4.2852373194533664e-06,
             -2.9544919129641991e-07, 6.5788490346111072e-07,
             1.3488895807193326e-07, -6.2219675839764813e-07,
             4.3900958721494022e-06, -2.3653021707215121e-06,
             4.8157011805781338e-07, 7.3224375427658927e-06,
             -2.5450445106199189e-06, 6.6898857687431178e-07,
             3.7658819862181640e-07, 1.4708228603863693e-07,
             2.6054535917833452e-06, -2.3653021707215010e-06,
             6.6744639726039417e-06, 2.5138996471288268e-08,
             -3.5921513432299316e-06, 5.8536507783509600e-06,
             7.5368189615096992e-07, 3.1418831255258275e-07,
             -1.2848624883868845e-06, -4.3697464563595009e-06,
             4.8157011805781148e-07, 2.5138996471280221e-08,
             2.0770790713327404e-05 ]
      thr: 0.30
