%YAML:1.0
---
name: PCA
vectors: !!opencv-matrix
   rows: 9
   cols: 20
   dt: f
   data: [ 1.54158510e-02, -1.76978968e-02, -3.85125168e-02,
       8.33333313e-01, -8.26158896e-02, -9.54313204e-03, -1.38725992e-02,
       4.36391030e-03, 3.07740760e-03, -5.35644963e-02, -3.85131955e-01,
       -2.77000088e-02, -3.75411153e-01, -5.82726635e-02,
       -6.10135496e-04, 6.14399416e-03, -2.68715573e-03, 4.13497677e-03,
       -4.45708958e-03, -3.31643457e-03, -6.45225525e-01, 6.73460007e-01,
       -2.72109918e-03, 2.05192678e-02, 8.00902490e-03, 2.24220932e-01,
       6.37561008e-02, -6.91053867e-02, -1.90701514e-01, 1.09151006e-03,
       -8.07607546e-03, -3.44429584e-03, -1.66124981e-02,
       -1.36061748e-02, -1.34312823e-01, -6.05609678e-02, 1.70800500e-02,
       -3.91821489e-02, 2.75017396e-02, 9.66040194e-02, -4.58344026e-03,
       2.12189350e-02, 6.71370566e-01, -1.50060393e-02, -6.31220281e-01,
       1.73587832e-04, -3.20621543e-02, 1.50940400e-02, 9.60916653e-03,
       -2.47278273e-01, 1.08230107e-01, 4.24807309e-04, -7.91582912e-02,
       2.63125002e-01, -7.03257916e-04, 1.41982781e-02, -2.04398902e-03,
       1.24787781e-02, -6.91702450e-03, -2.96441978e-03, 1.06936462e-01,
       -1.26666814e-01, 3.98439206e-02, 2.92496644e-02, -1.29610766e-02,
       8.63977075e-02, 6.40297651e-01, -4.86324459e-01, -7.54759386e-02,
       -9.14056040e-03, 5.12835709e-03, 3.23526538e-03, 2.02497654e-02,
       2.55317278e-02, -1.64738426e-03, -4.12001878e-01, 1.07257560e-01,
       -1.94579586e-01, 2.97541052e-01, 3.78248803e-02, -3.99266243e-01,
       -3.69708449e-01, -1.04800975e-02, -2.85926908e-02,
       -3.22108492e-02, 1.53830901e-01, 3.91088516e-01, 5.24518132e-01,
       1.99491695e-01, 6.80347672e-03, -2.82483269e-02, -1.00737223e-02,
       -3.46351229e-02, -4.68769763e-03, -6.32355809e-02,
       -2.45270342e-01, -1.43082544e-01, -9.48592424e-02,
       -3.23697358e-01, -9.91653875e-02, 2.68618874e-02, 3.15874219e-02,
       4.06474024e-01, 4.36306149e-01, 4.69763041e-01, 5.83432615e-02,
       2.83983201e-02, 7.54217729e-02, 3.32138501e-02, 1.86023682e-01,
       2.96772599e-01, 4.49646525e-02, 4.42512393e-01, 2.94499964e-01,
       1.98126733e-02, 2.36430727e-02, -2.70497371e-02, -1.63465198e-02,
       -4.26520407e-02, -1.05510117e-03, 5.14077067e-01, 5.05785882e-01,
       2.81030238e-02, -7.97980428e-02, 1.03182737e-02, 2.91223675e-01,
       3.32455695e-01, 3.16167295e-01, 2.45481238e-01, 8.86533782e-02,
       -2.06192322e-02, -4.60519232e-02, -1.80452406e-01,
       -3.52142677e-02, 2.10764110e-01, 1.00895487e-01, -8.05180967e-02,
       -7.68212751e-02, -5.42230308e-02, 5.42888679e-02, 9.02981609e-02,
       -4.24229614e-02, -1.92873299e-01, -4.47276793e-02,
       -1.06565803e-01, 2.81770051e-01, 9.07153487e-02, 1.23449247e-02,
       -2.27505326e-01, -2.18722627e-01, -5.44243634e-01, 1.27371013e-01,
       4.59912211e-01, 3.99910957e-01, 5.33785624e-03, 2.21230045e-01,
       4.82150987e-02, -1.48196826e-02, -1.27390221e-01, 2.23817695e-02,
       1.77771840e-02, -2.74106473e-01, 5.07764071e-02, -1.67437512e-02,
       5.03973775e-02, 5.13604462e-01, 6.18259311e-02, -1.29399076e-01,
       -4.01452035e-01, 1.82680249e-01, 2.72206217e-01, 1.46871330e-02,
       -3.53747755e-01, -2.98734419e-02, -1.11133009e-01, 4.22514141e-01,
       1.28033608e-01, -3.41514312e-02, -1.77320048e-01, -6.98643690e-03 ]
values: !!opencv-matrix
   rows: 9
   cols: 1
   dt: f
   data: [ 3.71304688e+03, 2.96307227e+03, 1.26713916e+03,
       8.74242371e+02, 8.07211243e+02, 6.19545593e+02, 1.82790359e+02,
       1.43426056e+02, 1.15427414e+02 ]
mean: !!opencv-matrix
   rows: 1
   cols: 20
   dt: f
   data: [ 7.10184693e-01, -7.62774348e-02, -1.18014956e+01,
       -2.74031647e+02, -1.41477811e+00, 1.84743002e-01, 7.69332886e-01,
       -1.32768303e-01, -1.48105780e-02, 1.03919792e+01, 7.32361374e+01,
       1.71988368e+00, 7.72469711e+01, 7.49364614e+00, 3.73725802e-01,
       -3.57624561e-01, 1.32235037e-02, -1.88357294e-01, 2.47858658e-01,
       4.39334624e-02 ]
