%YAML:1.0
---
name: PCA
vectors: !!opencv-matrix
   rows: 9
   cols: 20
   dt: f
   data: [ -1.07648268e-01, 9.26797092e-02, -1.02581531e-01,
       8.44622254e-01, -1.19879164e-01, 5.44930510e-02, 3.30603030e-03,
       -4.29210551e-02, -5.33012860e-03, -1.96538717e-02,
       -3.47224683e-01, 4.39704955e-02, -3.27588528e-01, -6.46844134e-02,
       -2.26545651e-02, -1.55483559e-02, 2.25301590e-02, -5.21910377e-03,
       1.57079697e-02, 2.77870912e-02, 6.60284877e-01, -6.41966999e-01,
       4.23592702e-02, 1.27743289e-01, -3.36839966e-02, -2.39160776e-01,
       -7.72037134e-02, 2.32924148e-02, 1.67648271e-01, -2.13315058e-02,
       -5.58947548e-02, -1.42366467e-02, -7.90736079e-02, 3.21635860e-03,
       1.35009125e-01, 6.18499778e-02, -7.26051629e-03, 3.90354730e-02,
       8.85379908e-04, -8.47077891e-02, -1.25539294e-02, 8.38940740e-02,
       6.54268384e-01, -5.60833663e-02, -6.25892639e-01, -7.58408150e-03,
       -3.03720627e-02, 3.22133265e-02, -2.70887185e-02, -2.81657457e-01,
       4.84485850e-02, -6.45594150e-02, -1.84478924e-01, 2.15868026e-01,
       -8.07755440e-03, 1.52597977e-02, -4.52694297e-03, 1.74054522e-02,
       4.85776633e-04, -9.34758689e-04, -2.81546652e-01, -1.48582950e-01,
       -1.40658051e-01, -4.34893109e-02, -1.24030270e-01, 1.99998333e-03,
       -3.07953030e-01, 6.71048999e-01, 1.86427921e-01, 9.87043139e-03,
       -5.08478358e-02, 7.91153014e-02, -4.26331796e-02, -3.82055454e-02,
       -1.14096692e-02, 1.98735282e-01, -1.44833580e-01, 1.19150050e-01,
       -4.33755636e-01, -8.08232352e-02, -2.42308289e-01,
       -4.32280302e-01, -1.58884048e-01, -8.10639560e-02,
       -2.74891227e-01, 1.88951612e-01, 6.14598095e-01, 4.00841981e-02,
       1.16874062e-01, -1.61101781e-02, -1.13707474e-02, 1.24756828e-01,
       -1.45380674e-02, -3.53863128e-02, -7.33572990e-02,
       -4.00772810e-01, -5.81767177e-03, -1.68389708e-01,
       -6.97320551e-02, -4.09154445e-02, -1.55989885e-01,
       -1.74859211e-01, 3.98305744e-01, 4.32552636e-01, 2.61108547e-01,
       5.56684956e-02, 2.97940075e-02, 6.30435273e-02, 4.93761376e-02,
       1.15323059e-01, 2.92169541e-01, 1.56060651e-01, 5.36536992e-01,
       3.16351622e-01, -2.89977677e-02, -3.33310105e-02, -2.41242885e-03,
       -1.13443295e-02, -8.39792639e-02, -2.56901551e-02,
       -1.22908400e-02, 2.95696110e-02, 3.73693466e-01, -2.62325313e-02,
       5.28914034e-01, -2.02640221e-02, 2.70967275e-01, 2.88979143e-01,
       2.81451195e-02, -1.07738830e-01, -1.72818363e-01, -4.78173107e-01,
       -2.75511533e-01, -8.63033086e-02, 8.82173795e-03, -1.54378697e-01,
       -1.59494653e-01, -8.11053216e-02, -6.41070977e-02,
       -8.50931481e-02, 4.59382355e-01, 4.79157358e-01, -1.29221668e-02,
       7.27352574e-02, -1.18231490e-01, 2.61084437e-01, 3.24091524e-01,
       2.80189246e-01, 3.82491708e-01, 6.37739003e-02, 5.64940013e-02,
       1.32352054e-01, 1.78598538e-01, -1.10893086e-01, 2.27980688e-01,
       7.82182515e-02, -5.81230372e-02, -9.46593285e-02, -3.49521860e-02,
       3.61988395e-02, -1.76144822e-03, -7.66668990e-02, -3.73511272e-03,
       1.87162966e-01, -3.91944721e-02, 1.34907022e-01, -2.91762105e-03,
       9.85402614e-03, -1.25611112e-01, -1.76626872e-02, 7.69513249e-01,
       -1.47800744e-01, -2.40697548e-01, -4.91375357e-01,
       -3.38258184e-02, 8.43487829e-02, 1.49846198e-02, 2.33203974e-02,
       -2.16264669e-02, -1.63930971e-02 ]
values: !!opencv-matrix
   rows: 9
   cols: 1
   dt: f
   data: [ 4.02246899e+03, 3.06082568e+03, 1.28104138e+03,
       8.98903564e+02, 8.52464172e+02, 6.69874207e+02, 5.68299316e+02,
       1.99574631e+02, 1.37937927e+02 ]
mean: !!opencv-matrix
   rows: 1
   cols: 20
   dt: f
   data: [ -4.68202978e-01, 2.98569918e-01, -1.06399670e+01,
       -2.78221771e+02, -7.58691192e-01, -6.30734921e-01, 1.57651812e-01,
       9.11182463e-01, -5.04962444e-01, 1.03190632e+01, 7.43202591e+01,
       9.08893347e-01, 7.77919159e+01, 8.12093735e+00, -2.28418671e-02,
       -3.90563935e-01, -4.61462885e-01, -1.16577648e-01,
       -4.70997632e-01, -1.51187345e-01 ]
