%YAML:1.0
---
name: PCA
vectors: !!opencv-matrix
   rows: 9
   cols: 20
   dt: f
   data: [ 1.76712032e-02, 1.37113603e-02, -4.73898724e-02,
       8.42161357e-01, -7.11289570e-02, 2.25098780e-03, 1.49241008e-03,
       -3.37455347e-02, -8.59261304e-03, -5.33306301e-02,
       -3.70188028e-01, -2.84063891e-02, -3.69426697e-01,
       -6.30250722e-02, 2.16147467e-03, -8.18791054e-03, 7.37783452e-03,
       -6.73301844e-03, 2.00714041e-02, 5.25856158e-03, -6.59584045e-01,
       6.57967031e-01, -1.18127754e-02, 7.60401273e-03, 2.55914740e-02,
       2.35943079e-01, 8.15290213e-02, -4.98536006e-02, -1.82420015e-01,
       5.29631553e-03, 2.53900047e-03, 1.55069563e-03, 1.70493703e-02,
       3.63630964e-03, -1.34769544e-01, -7.18858242e-02, 8.97710305e-03,
       -4.66463491e-02, 1.31892283e-02, 8.36493671e-02, 4.57029492e-02,
       1.82961079e-03, -6.37192488e-01, 4.07889485e-02, 6.62311077e-01,
       8.05642828e-03, 7.81645242e-04, -5.17756529e-02, 7.07170600e-03,
       2.66566038e-01, -6.65837973e-02, 1.20365005e-02, 1.23580880e-01,
       -2.37893924e-01, 4.90772398e-03, 3.87574709e-03, 8.24610237e-03,
       -1.86103466e-03, 3.08520943e-02, -1.47332074e-02, -2.67672151e-01,
       -8.05612803e-02, -9.35961977e-02, -1.29405027e-02,
       -1.30244568e-02, 8.23438074e-03, -3.30400795e-01, 6.88403189e-01,
       1.55237973e-01, 9.10738297e-03, -6.60714731e-02, 7.82961678e-03,
       -6.25162721e-02, -4.37667444e-02, -1.07639777e-02, 2.32311293e-01,
       -1.63605526e-01, 1.13242283e-01, -4.39990819e-01, -8.90784487e-02,
       -2.69494027e-01, -4.14009094e-01, -9.03840065e-02,
       -6.22171499e-02, -5.23673519e-02, 1.61944196e-01, 6.47349358e-01,
       1.68201670e-01, 1.37351200e-01, -1.22145368e-02, -7.74519369e-02,
       -1.38855595e-02, -7.17150047e-02, -4.33247983e-02,
       -6.65734112e-02, -4.21249330e-01, -6.33209944e-02,
       -1.78258240e-01, -1.12039700e-01, -7.18489736e-02,
       -4.95367460e-02, -7.78286085e-02, 4.27290022e-01, 4.32865173e-01,
       4.04688001e-01, 3.76619622e-02, 8.14908668e-02, 1.20958693e-01,
       5.22496924e-02, 1.18144199e-01, 2.79357940e-01, 4.08151895e-02,
       4.78963047e-01, 3.19252312e-01, 7.72903487e-03, -2.96162199e-02,
       -3.13205756e-02, -2.04929542e-02, -6.81380033e-02,
       -1.93972029e-02, 4.87386376e-01, 5.43174624e-01, -3.06850020e-02,
       -3.52181084e-02, -2.59024370e-02, 1.75870180e-01, 3.61558110e-01,
       2.96454549e-01, 3.35698664e-01, 4.27983403e-02, -5.76410480e-02,
       7.97420815e-02, -3.36536765e-02, 9.97967273e-02, 2.44300485e-01,
       3.90272401e-02, -8.99900049e-02, -8.23686272e-02, -4.82035540e-02,
       3.62474918e-02, -3.33034135e-02, -7.64472485e-02, -1.96813881e-01,
       -9.12748724e-02, -1.50410831e-01, 2.05137264e-02, -3.12580913e-02,
       -4.51550856e-02, -9.54678208e-02, 8.58834758e-02, -6.32778943e-01,
       2.29238898e-01, 3.55973750e-01, 5.64392626e-01, -2.02532280e-02,
       5.54177985e-02, 1.96241010e-02, 1.05560180e-02, 1.57515611e-02,
       3.14563029e-02, -1.03328094e-01, 7.96340108e-02, 5.06938398e-02,
       -1.25382930e-01, 2.20798776e-01, -4.90064979e-01, -6.57913536e-02,
       4.44158539e-02, 5.01164310e-02, 2.93188065e-01, 4.93938960e-02,
       -3.60503308e-02, -5.04155576e-01, 4.60945636e-01, 9.66056362e-02,
       -2.92659134e-01, -9.42857042e-02, 3.59371537e-03, 5.21072783e-02,
       6.34157434e-02 ]
values: !!opencv-matrix
   rows: 9
   cols: 1
   dt: f
   data: [ 3.31375757e+03, 3.03278442e+03, 1.22486829e+03,
       8.48425110e+02, 8.23524780e+02, 5.98697754e+02, 1.72553864e+02,
       1.31195236e+02, 1.17979370e+02 ]
mean: !!opencv-matrix
   rows: 1
   cols: 20
   dt: f
   data: [ -8.49394858e-01, -8.09111167e-03, -1.28107719e+01,
       -2.76768921e+02, -1.67908263e+00, 4.82439203e-03, 1.32257894e-01,
       1.17630529e+00, -7.46093541e-02, 1.06935415e+01, 7.40558243e+01,
       1.87202251e+00, 7.80325623e+01, 7.44604206e+00, -1.15372315e-01,
       -1.62839436e-03, -1.90122768e-01, 3.14514874e-03, -7.87764668e-01,
       1.26745477e-01 ]
