%YAML:1.0
---
name: PCA
vectors: !!opencv-matrix
   rows: 9
   cols: 20
   dt: f
   data: [ 1.48013428e-01, -1.98367864e-01, -3.12365573e-02,
       8.05227816e-01, -7.67818242e-02, -3.76414023e-02, 9.79716983e-03,
       -2.13602465e-02, 2.75147259e-02, -5.53959571e-02, -3.64441395e-01,
       -3.11643165e-02, -3.70517522e-01, -5.80522344e-02, 2.81539522e-02,
       4.33530994e-02, 5.88883588e-04, 1.12736912e-03, -9.12014488e-03,
       -2.20565796e-02, 9.07889679e-02, 1.49005009e-02, -6.31719112e-01,
       2.30372120e-02, 6.52051091e-01, -7.76365921e-02, 6.50338978e-02,
       -2.84906104e-02, -6.82602748e-02, 2.47304469e-01, -9.93402824e-02,
       3.37144732e-03, 9.74496305e-02, -2.44895935e-01, 6.90180510e-02,
       -5.17238826e-02, 2.07855329e-02, -6.18230412e-03, 1.13389026e-02,
       4.99097742e-02, 2.72546619e-01, -3.82805139e-01, -3.66084389e-02,
       -2.64502645e-01, -1.55410990e-01, 2.06155167e-03, 5.39388120e-01,
       -3.57631803e-01, 4.51980717e-02, -8.87731761e-02, -5.10049090e-02,
       1.62071846e-02, -1.51076540e-01, -1.23952627e-01, 2.88639497e-02,
       -3.63080412e-01, 5.71546406e-02, -1.68408349e-01, 2.21705735e-01,
       -2.15445980e-02, -4.42790717e-01, -3.09285432e-01,
       -9.06852931e-02, 3.55182332e-04, -3.89888603e-03, 1.47246420e-01,
       3.21407557e-01, 5.62025666e-01, 1.92944393e-01, 1.51934130e-02,
       4.36453298e-02, -1.45475902e-02, -6.99845925e-02, -9.33539793e-02,
       -6.24247566e-02, -1.98730037e-01, -1.55692786e-01,
       -7.66251311e-02, -3.50622445e-01, -9.77655053e-02, 9.47995037e-02,
       -2.57689565e-01, 4.43725348e-01, 3.54165047e-01, 4.15594250e-01,
       9.43283886e-02, 2.13895798e-01, -3.40013839e-02, -2.33396813e-02,
       1.02843873e-01, 3.10202301e-01, 4.88240644e-02, 4.45313364e-01,
       2.21396446e-01, -4.63385694e-02, -6.88840076e-02, 7.69404396e-02,
       -5.26103517e-03, 6.10535145e-02, 1.19758323e-02, 3.71289402e-01,
       4.80193764e-01, -8.63823593e-02, 5.83553547e-03, 4.54220846e-02,
       3.31449807e-01, 3.69582146e-01, 2.35653698e-01, 2.69785792e-01,
       -1.84689537e-01, -1.88736394e-01, 1.08371213e-01, 5.32341711e-02,
       3.45473409e-01, 1.57940269e-01, 6.92385957e-02, -6.13256842e-02,
       -9.05231163e-02, -3.31670083e-02, 2.78601665e-02, -2.28011668e-01,
       1.85957208e-01, 2.28368655e-01, -1.02047287e-01, 2.52098262e-01,
       1.95974991e-01, 1.49777502e-01, -1.17586076e-01, -2.74658561e-01,
       4.21008676e-01, -1.68308858e-02, -9.41540226e-02, -5.93615830e-01,
       2.83549666e-01, 4.93100174e-02, -2.92382892e-02, 9.92753804e-02,
       -5.82234971e-02, -8.03706609e-03, -3.78952138e-02, 1.71871990e-01,
       -9.29680280e-03, -1.88211724e-01, 1.23841889e-01, -4.13411185e-02,
       1.11151533e-02, 1.28937587e-02, 1.23522557e-01, 6.85628355e-02,
       -7.17469305e-02, 7.85862684e-01, 5.81884906e-02, -3.74240458e-01,
       -7.77704120e-02, 1.53240204e-01, 1.72464266e-01, -1.04459003e-01,
       -2.42988244e-02, 1.53183565e-01, 1.92989320e-01, -4.29484360e-02,
       -1.79840714e-01, -3.72761399e-01, 8.29996914e-02, -3.72537345e-01,
       1.23694137e-01, -2.09242310e-02, -9.16205123e-02, -8.59406516e-02,
       4.45706040e-01, 3.29007506e-02, 5.01455247e-01, 1.50454879e-01,
       4.02595550e-01, -7.54943863e-02, 3.50550674e-02, -2.84945481e-02,
       5.38650975e-02, 2.57655736e-02, -4.95137125e-02 ]
values: !!opencv-matrix
   rows: 9
   cols: 1
   dt: f
   data: [ 3.70130029e+03, 1.35524292e+03, 9.95997131e+02,
       8.41676514e+02, 5.38316162e+02, 2.19783478e+02, 1.29087540e+02,
       1.24023033e+02, 9.56912079e+01 ]
mean: !!opencv-matrix
   rows: 1
   cols: 20
   dt: f
   data: [ -3.20191002e+01, 3.19963646e+01, -1.19095631e+01,
       -2.73633850e+02, -1.73910081e+00, 1.21489553e+01, 7.88092947e+00,
       -7.10591078e+00, -1.02747393e+01, 1.01757298e+01, 7.29211578e+01,
       1.66320407e+00, 7.66906281e+01, 7.18501329e+00, -6.95674229e+00,
       -5.26575708e+00, 1.45332074e+00, -3.43260503e+00, 3.20263433e+00,
       4.98676538e+00 ]
